
19942
50817
5660
22424
38175
43105
13249
7324
52986
26168
36002
53473
53635
55738
51467
55267
27413
47770
23070
63674
27954
55344
53440
8080
9719
39214
55609
18934
6506
20448
40533
11368
35846
4223
1797
6225
51296
28649
63139
58854
59728
48627
3409
63460
30673
25877
8410
20461
25866
2606
58482
29496
3614
20230
25544
42588
62757
9392
7962
8803
37350
61444
33826
15277
9943
4190
47465
14051
16431
17933
25944
13927
10280
43797
48659
1656
55544
26088
21633
49044
19061
20998
10040
2013
64897
45586
25532
49340
29297
10580
45059
20738
41426
15726
57312
27279
37534
55748
57694
21829
8610
14473
43138
64207
10055
737
56894
34251
45902
18672
7699
56416
24380
59402
556
8457
47442
45511
10866
7470
14454
46806
18451
36272
26979
14748
43414
29039
18241
5738
60988
56689
44831
36465
25467
17839
47982
40816
49955
59879
14491
43447
19732
25865
5700
10632
37008
22611
55729
